Solutie optima gasita la pasul 0
Costul soltuiei: 66
[22, 19, 53, 3, 4, 24, 6, 58, 12, 56, 2, 57, 21, 33, 32, 44, 7, 54, 23, 15, 34, 8, 11, 5, 51, 29, 28, 10, 26, 59, 62, 31, 43, 25, 36, 9, 39, 37, 20, 46, 38, 35, 17, 0, 50, 45, 18, 47, 48, 13, 41, 40, 61, 42, 60, 55, 52, 30, 16, 14, 49, 1, 27]

Solutie optima gasita la pasul 1
Costul soltuiei: 54
[53, 24, 22, 4, 57, 21, 33, 32, 15, 7, 54, 23, 44, 34, 8, 11, 5, 51, 29, 2, 27, 6, 30, 14, 19, 3, 28, 10, 26, 59, 62, 31, 43, 25, 36, 9, 39, 37, 20, 46, 38, 35, 17, 0, 50, 45, 18, 47, 48, 13, 41, 40, 61, 42, 60, 55, 52, 56, 12, 49, 1, 58, 16]

Solutie optima gasita la pasul 2
Costul soltuiei: 28
[53, 24, 22, 4, 57, 21, 33, 32, 15, 7, 54, 23, 44, 34, 8, 11, 5, 51, 29, 2, 27, 6, 30, 14, 41, 3, 28, 10, 26, 59, 62, 31, 43, 25, 36, 9, 39, 37, 20, 46, 38, 35, 17, 0, 50, 45, 18, 47, 48, 13, 19, 40, 61, 42, 60, 55, 52, 56, 12, 49, 1, 58, 16]

Solutie optima gasita la pasul 11
Costul soltuiei: 0
[58, 12, 56, 7, 21, 25, 32, 24, 15, 19, 54, 23, 44, 34, 8, 11, 5, 51, 57, 2, 27, 6, 30, 14, 52, 3, 28, 10, 26, 59, 62, 45, 48, 33, 36, 9, 39, 37, 20, 46, 38, 35, 17, 40, 50, 31, 18, 47, 43, 13, 0, 61, 42, 60, 55, 41, 16, 49, 1, 22, 53, 4, 29]

