Solutie optima gasita la pasul 0
Costul soltuiei: 26621
[48, 42, 40, 22, 0, 43, 14, 2, 44, 11, 4, 51, 32, 37, 16, 25, 33, 15, 3, 30, 45, 34, 50, 18, 47, 31, 20, 49, 28, 13, 46, 41, 6, 5, 24, 35, 36, 8, 38, 19, 23, 21, 26, 12, 10, 1, 17, 27, 39, 9, 7, 29]

Solutie optima gasita la pasul 1
Costul soltuiei: 26386
[8, 40, 32, 26, 27, 7, 29, 16, 37, 44, 10, 11, 12, 17, 20, 25, 33, 15, 3, 30, 45, 34, 50, 18, 47, 31, 14, 49, 28, 13, 46, 41, 6, 5, 24, 35, 36, 0, 38, 19, 23, 21, 39, 43, 42, 9, 4, 2, 48, 1, 22, 51]

Solutie optima gasita la pasul 2
Costul soltuiei: 26081
[8, 40, 32, 26, 27, 7, 29, 16, 37, 44, 10, 11, 12, 17, 20, 25, 33, 15, 3, 30, 45, 34, 50, 18, 47, 31, 14, 49, 28, 13, 46, 41, 6, 43, 24, 35, 36, 0, 38, 19, 23, 21, 39, 5, 42, 9, 4, 2, 48, 1, 22, 51]

Solutie optima gasita la pasul 3
Costul soltuiei: 25813
[8, 40, 32, 26, 27, 7, 29, 16, 37, 44, 10, 11, 12, 17, 20, 25, 33, 15, 3, 30, 45, 34, 50, 18, 47, 31, 14, 49, 28, 13, 46, 41, 6, 23, 24, 35, 36, 0, 38, 19, 43, 21, 39, 5, 42, 9, 4, 2, 48, 1, 22, 51]

Solutie optima gasita la pasul 6
Costul soltuiei: 25251
[22, 0, 2, 44, 11, 4, 51, 37, 16, 25, 33, 15, 3, 30, 20, 8, 32, 26, 12, 1, 45, 27, 50, 18, 47, 31, 14, 49, 28, 13, 46, 41, 6, 23, 24, 35, 36, 10, 38, 19, 43, 21, 39, 5, 42, 9, 17, 34, 40, 7, 29, 48]

Solutie optima gasita la pasul 8
Costul soltuiei: 24590
[51, 37, 16, 39, 33, 15, 9, 5, 25, 3, 34, 35, 22, 30, 20, 8, 32, 26, 12, 1, 45, 27, 50, 18, 47, 31, 14, 49, 28, 13, 46, 41, 6, 23, 24, 17, 36, 10, 38, 42, 40, 7, 21, 0, 48, 29, 19, 43, 2, 44, 11, 4]

Solutie optima gasita la pasul 11
Costul soltuiei: 23355
[51, 37, 16, 39, 33, 15, 9, 5, 25, 3, 34, 35, 22, 30, 20, 8, 32, 26, 12, 1, 45, 27, 50, 18, 47, 31, 7, 49, 28, 13, 46, 41, 6, 23, 24, 17, 36, 4, 38, 42, 2, 14, 21, 0, 48, 29, 19, 43, 40, 44, 11, 10]

Solutie optima gasita la pasul 12
Costul soltuiei: 23231
[51, 37, 38, 39, 33, 15, 9, 5, 25, 3, 34, 35, 22, 30, 20, 8, 32, 26, 12, 1, 45, 27, 50, 18, 47, 31, 7, 49, 28, 13, 46, 41, 6, 23, 24, 17, 36, 4, 16, 42, 2, 14, 21, 0, 48, 29, 19, 43, 40, 44, 11, 10]

Solutie optima gasita la pasul 77
Costul soltuiei: 23230
[39, 18, 32, 8, 42, 27, 15, 50, 37, 12, 51, 14, 38, 22, 30, 43, 40, 28, 19, 24, 31, 7, 16, 1, 47, 46, 45, 49, 25, 20, 6, 41, 34, 36, 4, 29, 35, 33, 21, 2, 17, 48, 9, 44, 13, 10, 26, 5, 23, 11, 3, 0]

Solutie optima gasita la pasul 78
Costul soltuiei: 23216
[39, 18, 32, 8, 42, 27, 15, 50, 37, 12, 51, 14, 38, 22, 30, 43, 40, 28, 19, 24, 31, 7, 16, 1, 47, 46, 45, 49, 25, 20, 6, 41, 34, 36, 4, 0, 35, 33, 21, 2, 17, 48, 9, 44, 13, 10, 26, 5, 23, 11, 3, 29]

